47 5 17 16 57 58	2  22  2015
6 23 34 21 46 37	2  27  2015
57 5 53 42 18 55	2  8  2015
43 24 36 16 39 22	2  13  2015
32 53 5 18 34 29	2  15  2015
13 14 7 41 48 39	2  20  2015
6 42 13 40 11 39	3  1  2015
39 54 50 21 32 20	3  6  2015
17 26 38 43 1 2		3  8  2015
5 10 41 14 9 6		3  15  2015
12 29 43 6 10 58	3  20  2015
15 35 57 32 38 25	3  22  2015
29 46 16 55 38 44	3  27  2015
13 1 16 55 32 27	3  29  2015
46 41 36 12 5 11	4  10  2015
11 38 19 10  7 17	4  12  2015
55 51 26 40 18 43	3  13  2015
27 26 3 41 39 45	4  17  2015
31 48 20 58 25 43	4  19  2015
12 13 53 39 1  7	4  24  2015
8 38 40 16 26 4		4  26  2015
50 48 25 34 23 15	5  1  2015
43 30 52 46 17 20	5  3  2015
13 17 48 50 51 39	5  8  2015
47 43 39 23 36 51	5  10  2015
41 15 29 11 39 33	5  15  2015
9 3 14 53 57 1		5  17  2015
34 49 19 2 31 13	5  22  2015
21 11 56 38 18 20	5  24  2015
46 51 18 28 22 54	5  29  2015
37 52 54 45 51 35	5  31  2015
32 31 41 9 10 44	6  5  2015
13 23 57 44 25  7	6   7  2015
41 25 14 29 56  7	6  12  2015
45 11 4 31 32 29	6  14  2015
41 33 20 57  7 1	6  19  2015
4 10 21 47 19 27	6  21  2015
58 26 18 39 6 38	6  26  2015
23 10 50 43 32 3	6  28  2015
5 25 4 24 56 40		7  3  2015
43 35 56 3 53 48	7  5  2015
34 5 1 28 18 46		7  10  2015
8 12 44 2 18 27		7  12  2015
28 20 14 15 58 51	7  17  2015
12 41 23 9 38 25	7  19  2015
38 33 13 35 49 29	7  24  2015
22 13 38 53 48 25	7  26  2015
55 52 1 33 31 47	7  31  2015
48 40 24 27 11 29	8  2  2015
48 31 22 45 2 30	8  7  2015
54 39 42 20 29 40	8  9  2015
56 18 24 13 37 22	8  14  2015
53 29 19 51 26 33	8  16  2015
 7 19 12 54 40 46	8  21  2015
38 40 50 17 37 22	8  23  2015
58 2 54 22 11 25	8  28  2015
21 6 57 56 30 33	8  30  2015
45 25 8 13  7 47	9  4  2015
9 55  7 33 19 28	9  6  2015
17 34 56 42 36 40	9  13  2015
45 13 49 53 16 40	9  11  2015
39 56 49 35 34 15	9  18  2015
11 43 4 9 13 30		9  20  2015
25 14 35 13 2 53	9  25  2015
6 34 18 49 54 4		9  27  2015
40 48 27 9 36 39	10  2  2015
10 24 38 12 50 8	10  4  2015
55 8 39 32 14 45	10  9  2015
38 10 42 13 25 46	10  11  2015
5 37 16 28 14 44	10  16  2015
54 19 15 3 20 50	10  18  2015
16 15 18 46 8 29	10  23  2015
49 4 46 34 19 56	10  25  2015
22 9 24 16 52 42	10  30  2015
22 3 27 41 43 36	11  1  2015
11 22 3 43 34 6		11  6  2015
48 52 14 58 23 38	11  8  2015
48 15 1 35 26 22	11  13  2015
20 1 4 40 51 2		11  15  2015
33 54 45 20 14 12	11  20  2015
15 48 31 4 43 13	11  22  2015
32 51 27 1 16 20	11  27  2015
19 51 38 17 43 4	11  29  2015
22 28 1 43 6 13		12  4  2015
38 33 11 25 54 41	12  6  2015
8 55 11 33 5 10		12  11  2015
50 52 9 33 8 31		12  13  2015
53 30 54 41 43 26	12  18  2015
16  7 50 3 26 53	12  20  2015
13 27 23 11 1 9		12  27  2015
26 10 5 24 49 12	1  3  2016
38 35 33 8 49 52	1  8  2016
23 54 31 5 32 3		1  10  2016
22 16 45 56 54 39	1  15  2016
53 19 58 38 4 27	1  17  2016
37 14 25 9 46 31	1  22  2016
25 43 49 57 6 13	1  24  2016
44 12 54 33 4 53	1  29  2016
15 20 37 29 54 16	1  31  2016
35 6 48 58 33 50	2  5  2016
40 55 20 13 32 23	2   7  2016
47 30 49 27 46 42	2  12  2016
27 34 42 21 11 38	2  14  2016
10 3 1 51 44 13		2  19  2016
39 33 19 21 9 55	2  21  2016
44 58 9 41 23 35	2  26  2016
10 13 23 11  7 9	2  28  2016
36 41 3 6 15 26		3  4  2016
48 37 33 34 41 50	3  6  2016
25  7 36 39 31 30	3  11  2016
27 12 1 11 29 52	3  13  2016
33 4 48 44 19 38	3  18  2016
29 8 33 46 35 21	3  20  2016
47 25 20 44 6 55	4  1  2016
36 39 33 1 11 50	4  3  2016
40 41 1 25 28 44	4  8  2016
53 48 44 4 46 11	4  10  2016
 7 53 13 50 22 1	4  15  2016
34 19 33 39 6 49	4  17  2016
2 51 40 33 20 13	4  22  2016
36 35 51 38 46 30	4  24  2016
35 56 30 46 57 8	4  29  2016
27 41 15 52 39 4	5  1  2016
38 23 55 17 51 8	5  6  2016
49 52 22 1 46 41	5  8  2016
8 12 9 50 13 46		5  13  2016
41 21 13 52 36 6	5  15  2016
5 42 34 49 33 52	5  20  2016
31 40 42 51 6 18	5  22  2016
11 50 56 53 12 9	5  27  2016
6 44 36 54 32 29	5  29  2016
13 2 25 6 3 49		6  3  2016
22 5  7 25 53 32	6  5  2016
39 19 54 6 22 12	6  10  2016
50 3 49 13 58 34	6  12  2016
16 58 33 35 2 50	6  17  2016
45 46  7 3 49 58	6  19  2016
51 49 25 40 31 45	6  24  2016
11 53 2 29 1 9		6  26  2016
36 47 4 3 20 28	 	7  1  2016
54 23 32 4 14 38	7  3  2016
11 27 51 2 16 41	7  8  2016
44 39 43 10  7 23	7  10  2016
6 21 57 31 53 2		7  15  2016
39 5 11 26 16 28	7  17  2016
9 47 4 20 52 5		7  22  2016
10 30 22 34 50 28	7  24  2016
20 55 14 22 18 30	7  29  2016
21 27 55 47 46 19	7  31  2016
2 9 6 30 52 8		8  5  2016
55 36 33 30 53 32	8   7  2016
50 19 25 15 51 14	8  12  2016
5 54 48 17 1 39		8  14  2016
 7 38 40 31 53 30	8  19  2016
24 10 42 30 25 13	8  21  2016
38 37 57 22 30 53	8  26  2016
20 12 2 3 15 22		8  28  2016
48 34 36 16 27 35	9  2  2016
13 47 26 28 1 48	9  4  2016
29 27 34 47 4 12	9  9  2016
11 15 20 8 49 37	9  11  2016
23 41 13 46 43 58	9  16  2016
13 51 12 2 6 36		9  18  2016
32 56 27 57 15 9	9  23  2016
56 50 52 14 21 25	9  25  2016
51 49 47 25 39 5	9  30  2016
29 1 44 38 28 32	10  2  2016
56 45 33 54 52 18	10   7  2016
37 16 13 44 54 25	10  9  2016
49 31 25 52 53 33	10  14  2016
4 3 35 56 39 5		10  16  2016
51 46 43 47 12 32	10  21  2016
26 44 4 57 21 54	10  23  2016
46 32 2 57 15 3		10  28  2016
1 34 41 2 10 21		10  30  2016
58 6 25 47 38 41	11  4  2016
54 48 58 42 21 15	11  6  2016
8 51  7 32 37 17	11  11  2016
15 2 31 58 56 22	11  13  2016
43 42 29 10 41 4	11  18  2016
58 53 26 42 54 28	11  20  2016
46 32 10 56 27 48	11  25  2016
4 31 13 36 24 53	11  27  2016
17 40 58 27 47 5	12  2  2016
30 2 17 42 1 3		12  4  2016
55 23 29 22 53 41	12  9  2016
44 33 5 52 50 58	12  11  2016
19 34 58 28 8 36	12  16  2016
8 56  7 43 13 17	12  18  2016
40 14 34 45 20 36	12  23  2016
38 58 23 42 34 8	12  30  2016
21 17 54 47 8 2		1  6  2017
40 50 46 44 8 12	1  8  2017
45 19 6  7 8 22		1  13  2017
22 52 43 54 4 18	1  15  2017
40 43 39 21 52 46	1  20  2017
39 9 30 20 34 1		1  22  2017
5 41 53 12 16 46	1  27  2017
23 47 34 14 52 57	1  29  2017
17 30 6 13 43 31	2  3  2017
47 6 36 48 10 25	2  5  2017
12 5 1 18 22 35		2  10  2017
32 47 18 26 57 58	2  12  2017
3 34 6 13  7 19		2  14  2017
41 44 8 26 15 1		2  17  2017
9 3 40 53 27 20		2  19  2017
35 48 29 56 17 33	2  21  2017
49 22 39 42 25 47	2  24  2017
11 34 46 2 27 45	2  26  2017
11 26 20 19 56 31	2  28  2017
17 36 44 32 19 33	3  3  2017
21 34 58 14 57 9	3  5  2017
28 10 50 38 36 24	3   7  2017
34 27 2 17 15 38	3  10  2017
16 2 10 9 54 35		3  12  2017
6  7 19 16 36 4		3  14  2017
19 24 58 15 9 14	3  17  2017
51 48 4 39 9 19		3  19  2017
24 53 10 38 4 49	3  21  2017
30 18 43 37 9 39	3  24  2017
39 17 44 1 12 13	3  26  2017
10 21 23 6 27 9		3  28  2017
1 3 43 16 8 24		3  31  2017
22 48 57 12 33 43	4  2  2017
23 21 30 26 44 34	4  4  2017
36 49 58 46 3 2		4  7  2017
57 24 45 50 25 40	4  9  2017
51 13 6 25 15 58	4  11  2017
3 6 24 15 18 38		4  18  2017
24 23 34 2 29 32	4  21  2017
47 9 6 48 56 17		4  23  2017
3 27 23 29 47 57	4  25  2017
14 44 46 56 31 16	4  28  2017
33 38 29 57 31 53	4  30  2017
22 34 25 23 18 33	5  2  2017
26 33 58 56 39 37	5  5  2017
31 52 44 57 21 45	5  7  2017
18 15 58 30  7 5	5  9  2017
2 16 11 49 18 3		5  12  2017
56 13 58 17 20 8	5  14  2017
8 26 48 41 47 39	5  16  2017
30 11 50 54 28 15	5  19  2017
5 8 45 9 46 36		5  21  2017
22 33 21 57 14 41	5  23  2017
58 47 43 22 44 12	5  26  2017
36 17 39 35 40 11	5  28  2017
3 21 54 15 20 12	5  30  2017
47 32 53 2 45 11	6  2  2017
29 28 10 36 33 3	6  4  2017
9 4 8 23 29 16		6  6  2017
16 6 23 36 20 56	6  9  2017
23 3 14 56 58 4		6  11  2017
8 52 20 19 48 36	6  13  2017
31 50 6 12 16 40	6  16  2017
39 34 28 45 20 50	6  18  2017
22 24 23 54 46 43	6  20  2017
36 32 25 51 43 31	6  23  2017
51 28 36 1 40 56	6  25  2017
46 57 38 34 43 10	6  27  2017
3 42 38 33 30 47	6  30  2017
58 29 26 14 52 51	7  2  2017
51 53 16 32 41 40	7  4  2017
15 38 22 52 56 2	7  7  2017
45 21 16 20 38 29	7  9  2017
52 29 28 5 33 41	7  11  2017
14 36 8 34 50 53	7  14  2017
54 51 43 38 9 56	7  16  2017
45 46 25 39 1 42	7  18  2017
 7 14 36 8 42 27	7  21  2017
52 8 27 14 19 53	7  23  2017
4 56 35 38 57 49	7  25  2017
44 29 15 50 39 54	7  28  2017
20 55 47 52 12 57	7  30  2017
53 14 23 2 58 20	8  1  2017
36 50 26 58 25 16	8  4  2017
54 8 45  7 23 19	8  6  2017
 7 19 14 24 8 18	8  8  2017
16 31 44 2 51 13	8  11  2017
3 47 30 35 16 8		8  13  2017
 7 54 14 10 4 49	8  15  2017
48 44 50 56 8  7	8  18  2017
21 5 55 51 30 34	8  20  2017
50 16 22 14 9 47	8  22  2017
35 6 1 41 40 42		8  25  2017
40 8 49 11 2 29		8  27  2017
19 6 26 43 33 40	8  29  2017
32 6 35 50 30 14	9  1  2017
30 16 4 17 41 1		9  3  2017
3 27 17 12 20 6		9  5  2017
31 3 52 34 22 15	9  8  2017
34 37 39 26 23 10	9  10  2017
52 17 58 9 19 10	9  12  2017
2 27 24 4 50 46		9  15  2017
10 17 3 35 50 44	9  17  2017
57 6 47 36 52 56	9  19  2017
23 33 2 47 40 6		9  22  2017
17 54 29 13 8 10	9  24  2017
1 15 26 55 21 11	9  26  2017
54 13 6 23 1 15		9  29  2017
40 57 2 41 47 27	10  1  2017
36 37 17 54 22 25	10  3  2017
42 32 27 10 15 3	10  6  2017
 7 37 24 8 32 22	10  8  2017
56 11 14 46 58 47	10  10  2017
54 37 53 29 41 50	10  13  2017
14 2 4 57 5 17		10  15  2017
 7 41 34 12 10 36	10  17  2017
26 43 24 35 14 57	10  20  2017
11 10 3 29 2 25		10  22  2017
8 34 2 38 30 57		10  24  2017
23 46 54 29 24  7	10  27  2017
4 21 12 47 9 42		10  29  2017
19 54 28 6 32 26	10  31  2017
46 25 58 44 41 19	11  3  2017
55 48 54 51 45 50	11  5  2017
57 4 2 38 21 44		11   7  2017
35 47 43 40 10 14	11  10  2017
12 44 14 18 31 16	11  12  2017
11 18 23 10 41 34	11  14  2017
17 12 51 26 21 8	11  17  2017
14 51 49 27 24 22	11  19  2017
22 58 54 51 10 27	11  21  2017
45 8 33 12 17 58	11  24  2017
10 52 30 41 12 6	11  26  2017
12 42 9 52 55 6		11  28  2017
3 52 30 17 8 1		12  1  2017
15 40 43 14 47 23	12  3  2017
39 57 1 20 40 22	12  5  2017
13 51 28 5 44 4		12  8  2017
45 53 22 24 47 5	12  10  2017
26 49 22 3 41 44	12  12  2017
51 39 38 43 25 2	12  15  2017
22 35 45 40 37 26	12  17  2017
13 50 8 45  7 16	12  19  2017
51 22 32 43 19 2	12  22  2017
57 37 35 5 49 36	12  24  2017
22 41 9 44 35 46	12  26  2017
15 57 1 12 24 9		12  29  2017
43 6 14 24 15 25	12  31  2017
33 39 10 26  7 32	1  2  2018
21 57 26 29 16 4	1  5  2018
56 45 39 35 42 14	1   7  2018
39 12 31 16 29 17	1  9  2018
24 10 18 40 33 1	1  12  2018
15 53 55 12 34 14	1  14  2018
1 41 31 13 29 24	1  16  2018
50 32 15 53 29 52	1  19  2018
12 40 21 44 57 28	1  21  2018
19 17 13 53 56 15	1  23  2018
 7 57 51 8 53 16	1  26  2018
9 49 47 43 16 42	1  28  2018
 7 10 13 15 3 55	1  30  2018
56 34 53 1 28 46	2  2  2018
48 57 13 51 2 15	2  4  2018
57 53 39 50 35 18	2  6  2018
46  7 17 1 41 34	2  9  2018
28 49 46 32 29 54	2  11  2018
33 5 38 51 52 10	2  13  2018
15 31 28 25 42 11	2  16  2018
5 20 43 25 48 35	2  18  2018
32 18 33 8 1 29		2  20  2018
17 1 8 24 39  7		2  23  2018
53 30 47 54 2 35	2  25  2018
19 17 23 6 54 27	2  27  2018
28 39 46 22 25 26	3  2  2018
58 26 11 51 43 39	3  4  2018
57 56 17 36 18  7	3  6  2018
44 6 1 53 45 27		3  9  2018
13 11 16 40 55 25	3  11  2018
49 9 30 50 33 4		3  13  2018
42 55 46 30 2 58	3  16  2018
15 39 38 13 34 51	3  18  2018
31 18 6 48 15 58	3  20  2018
16 54 41 6 29 46	3  23  2018
49 25 1 22 34 8		3  25  2018
21 38 24 16 22 50	3  27  2018
14 46 17 5 6 26		4  3  2018
18 48 36  7 20 16	4  6  2018
14 25 35 31 48 8	4  8  2018
31 15 30 13 53 4	4  10  2018
47 20 8 15 34 50	4  13  2018
24 37 15 53 5 49	4  15  2018
15 18 27 40 37 42	4  17  2018
53 4 45 30 12 29	4  20  2018
24 18 37 11 2 51	4  22  2018
4 54 51 55 30 6		4  24  2018
11 3 30 37 38 41	4  27  2018
58 15 37 46 1 44	4  29  2018
48 28 51 15 39 42	5  1  2018
11 15 56 38 53 45	5  4  2018
 7 34 51 6 10 21	5  6  2018
19 27  7 46 18 53	5  8  2018
51 31 22 19 2 32	5  11  2018
46 11 21 24 19 57	5  13  2018
32 15 23 10 18 22	5  15  2018
25 26 36 3 33 56	5  18  2018
9 23  7 37 32 40	5  20  2018
32 57 1 49 9 19		5  22  2018
34 14 19 22 10 43	5  25  2018
34 45 14 40 1 13	5  27  2018
25 49 10 37 26 6	5  29  2018
26 8 43 22 27 12	6  1  2018
1 53 27 11 43 18	6  3  2018
44 35 39 34 3 50	6  5  2018
49 31 39 5 41 43	6  8  2018
54 22 17 8 48 5		6  10  2018
48 18 57 9 28 53	6  12  2018
 7 56 37 17 49 11	6  15  2018
46 1 5 11  7 21		6  17  2018
49 57 52 28 3 6		6  19  2018
3 22 52 50 47 44	6  22  2018
17 24 10 58 25 11	6  24  2018
55 34 16 31 40 23	6  26  2018
1 19 13 29 51 4		6  29  2018
31 24 45 19 34 52	7  1  2018
 7 57 50 1 10 2	 	7  3  2018
56 26 4 51 49 18	7  6  2018
35 17 28 33 22 25	7  8  2018
47 15 48 3 35 56	7  10  2018
2 51 32 47 17 24	7  13  2018
55 29 31 57 14 20	7  15  2018
22 3 57 58 54 14	7  17  2018
24 6 55 3 28 27		7  20  2018
45 50 34 2 43 11	7  22  2018
51 37 40  7 29 5	7  24  2018
43 24 6 25 28 40	7  27  2018
39 9 56 26 29 34	7  29  2018
14 3 51 32 21 48	7  31  2018
53 26 15 45 46 3	8  3  2018
47 16 29 51 18 54	8  5  2018
31  7 34 14 39 50	8   7  2018
38 35 37 15 56 45	8  10  2018
1 13 42 24 53 56	8  12  2018
16 43 31 44 18 37	8  14  2018
43 19 36 17  7 44	8  17  2018
16 17 15 5 23 54	8  19  2018
53 10 52 19 8 58	8  21  2018
4 27 49 16 47 41	8  24  2018
43 54 39 14 46 36	8  26  2018
28 29 8 40 33 4		8  28  2018
3 30 38 19 54  7	8  31  2018
41 51 28 30 54 24	9  2  2018
 7 8 41 25 13 30	9  4  2018
17 6 55 54 20 27	9   7  2018
24 35 56 38 28 42	9  9  2018
33 30 3 43 18 19	9  11  2018
52 32 55 17  7 40	9  14  2018
34 15 39 53 36 43	9  16  2018
4 35 50 8 47 44		9  18  2018
6 47 41 55 28 10	9  21  2018
58 8 34 29 35 38	9  23  2018
50 21 51 19 53 48	9  25  2018
46 25 55 26 50 57	9  28  2018
34 30 32 20 3 23	9  30  2018
30 41 53 4 2 54		10  2  2018
1 30 27 36 49 12	10  5  2018
45 21 2 30  7 10	10   7  2018
12 16 46 3 38 36	10  9  2018
28 14 54 50 17 27	10  12  2018
40 50 37 25 1 45	10  14  2018
33 23  7 46 22 20	10  16  2018
3 25 22 55 33 41	10  19  2018
14 16 52 53 20 11	10  21  2018
 7 26 43 8 53 6		10  23  2018
38 15 4 3 41 50		10  26  2018
8 34 45 20 36 16	10  28  2018
22 6 48 10 49 11	10  30  2018
27 5 54 25 44 16	11  2  2018
35 42 6 53 3 17		11  4  2018
43 58 21 54 23 22	11  6  2018
36 56 49 34 42 45	11  9  2018
51 46 24 55 17 27	11  11  2018
23 14 18 16 30 37	11  13  2018
13 12 1 41 21 45	11  16  2018
37 39 5 35 41 12	11  18  2018
21 44 28 55 16 29	11  20  2018
36 25 6 18 54 26	11  23  2018
30 39 48 11 13 26	11  25  2018
10 6 56 15 25 34	11  27  2018
50 14 21 22 20 24	11  30  2018
31 14 37 53  7 36	12  2  2018
 7 1 25 13 11 38	12  4  2018
17 37 11 8 52 48	12   7  2018
51 21 12 36 55 30	12  9  2018
17 13 38 4 24 39	12  11  2018
25 56 42 26 31 49	12  14  2018
52 45 18 1 49 36	12  16  2018
36 35 47 38 13 6	12  18  2018
32 9 29 26 20 56	12  21  2018
35 25 48 24 38 39	12  23  2018
3 37 51 14 46 6		12  28  2018
1 9 50 56 51 28		12  30  2018
37 22 5 32 13 17	1  4  2019
52 45 24 5 14 44	1  6  2019
45 50 30 35 49 52	1  8  2019
 7 21 23 39 25 18	1  11  2019
43 55 15 2 29 56	1  13  2019
18 21 54 3 23 47	1  15  2019
29 12 39 42 34 8	1  18  2019
42 6 39 45 5 11		1  20  2019
24 21 15 56  7 37	1  22  2019
27 15 34 20 22 18	1  25  2019
44 53 39 43 38 7	1  27  2019
22 30 23 52 14 38	1  29  2019
28 40 25 54 52 36	2  1  2019
15 10 57 27 9 28	2  3  2019
43 19 33 11 13 48	2  5  2019
21 28 57 39 19 20	2  8  2019
12 52 45 25 3 28	2  10  2019
25 53 45 8 29 26	2  12  2019
48 56 12 10 55 42	2  15  2019
31 33 5 10 32 43	2  17  2019
55 31 42 33 11 47	2  19  2019
20 51 6 10 11 16	2  22  2019
16 6  7 9 5 45		2  24  2019
42 10 21 25 4 8		2  26  2019
41 42 54 3 8 25		3  1  2019
11 46 12 20 36 22	3  3  2019
56 13 25 46 11 39	3  5  2019
25 45 3 30 24 48	3  8  2019
24 52 25 15 41 8	3  10  2019
3 27 37 35 30 8		3  12  2019
24 47 5 2 16 1		3  15  2019
38 31 30 15 5 13	3  17  2019
18 4 47 39 16 22	3  19  2019
23 45 13 56 39 57	3  22  2019
20 41 16  7 5 45	3  24  2019
9 51 55 53 32 54	3  26  2019
2 48 28 37 20 39	3  29  2019
13 17 35 38 18 43	3  31  2019
17 34 38 33 26 9	4  2  2019
6 49 51 29 41 10	4  5  2019
13 1 24 12 23 45	4   7  2019
23 39 51 19 10 40	4  9  2019
44 10 40 4 19 26	4  12  2019
18 13 28 23 19 14	4  14  2019
36 25 26 17 30 13	4  16  2019
29 43 35 28 24 45	4  23  2019
30 17 11 53 51 48	4  26  2019
12  7 33 8 14 50	4  28  2019
22 6 10 49 33 11	4  30  2019
32 40 54 22 5 34	5  3  2019
16 21 47 14 46 44	5  5  2019
22 46 26 36 30 10	5   7  2019
9 49 18 50 27 6		5  10  2019
6 17 4 26 8 15		5  12  2019
42 13 37 22 34 45	5  14  2019
21 19 36 9 20  7	5  17  2019
57 48 41 20 53 55	5  19  2019
19 9 35 24 20  7	5  21  2019
34 18 17 57 4 20	5  24  2019
46 28 4 5 45 9		5  26  2019
18 16 45 27 17 44	5  28  2019
33 4 38 35 56 47	5  31  2019
54 5 13 56 28 37	6  2  2019
50 3 54  7 26 29	6  4  2019
35 24 32 2 56 30	6   7  2019
23 45 34 52 16 31	6  9  2019
53 40 48 21 13 57	6  11  2019
4 27 57 46 13  7	6  14  2019
58 33 46 24 25 37	6  16  2019
18 5 43 11 58 44	6  18  2019
56 52 43 6 53 25	6  21  2019
43 36  7 24 41 55	6  23  2019
36 49 27 55 32 33	6  25  2019
10 4 52 18 37 16	6  28  2019
6 23 15 55 21 16	6  30  2019
57 38 19 35 23 4	7  2  2019
40 14 12 52 16 18	7  5  2019
 7 11 4 51 10 53	7   7  2019
9 29 53 47 19 27	7  9  2019
19 16 20 27 3 32	7  12  2019
20 18 54 47 39 42	7  14  2019
53 24 58 55 18 21	7  16  2019
47 31 12 22 32 23	7  19  2019
6 17 16 3 26 34		7  21  2019
26 8 20 31 17 14	7  23  2019
19 31 46 50 55 11	7  26  2019
53 56 3 34 46 52	7  28  2019
3 16 8 2 53 10		7  30  2019
41 11 17 45 34 37	8  2  2019
1 12 43 5 41 2		8  4  2019
29 9 8 55  7 24		8  6  2019
29 20 11 44 9 26	8  9  2019
46 5 32 31 12 27	8  11  2019
51 16 10 2 4 32		8  13  2019
52 50 51 14 37 54	8  16  2019
56 42 52 27 38 22	8  18  2019
12 47 9 6 20 35		8  20  2019
45 22 16 56 43 19	8  23  2019
43 13 10 9 15 17	8  25  2019
39 57 47 18 41 31	8  27  2019
54 14 15 35 55 34	8  30  2019
40 27 54 38 30 24	9  1  2019
43 49 14 55 44 33	9  3  2019
43 57 50 12 49 19	9  6  2019
56 53 49 40 20 7	9  8  2019
30 13 9 11 47 1		9  10  2019
44 49 42 18 20 4	9  13  2019
8 34 55 31 1 11		9  15  2019
21 26 38 10 19 36	9  17  2019
58 5 1 14 9 36		9  20  2019
10 5 2 24 49 58		9  22  2019
15 39 10 5 21 55	9  24  2019
47 56 46 58 54 37	9  27  2019
8 24 37 23 26 40	9  29  2019
9 2 35 11 52 6		10  1  2019
22 52 8 45 2 41		10  4  2019
23 11 12 42 8 45	10  6  2019
40 52 14 45 21 38	10  8  2019
55 16 17 9 52 20	10  11  2019
13 31 17 22 35 36	10  13  2019
13 23 9 58 38 14	10  15  2019
55 37 11 21 18 45	10  18  2019
45 43 2 47 13 58	10  20  2019
14 25 54 45 35 36	10  22  2019
34 44 13 30 29 54	10  25  2019
34 44 13 30 29 54	10  25  2019
6 3 39 38 43 34		10  27  2019
2 37 50 26 22 10	10  29  2019
10 18 14 23 3 54	11  1  2019
37 13 31 22 28 16	11  3  2019
11 49 32 8 45 52	11  5  2019
54 31 8 22 52 32	11  8  2019
22  7 33 54 13 15	11  10  2019
11 43 53 28 15 49	11  12  2019
56 21 19 32 39 41	11  15  2019
15 55 2 12 35 14	11  17  2019
15 55 17 1 6 20		11  19  2019
1 2 25 32 31 50		11  22  2019
41 28 27 44 14 57	11  24  2019
58 46 45 52 25 54	11  26  2019
19 36 26 21 27 8	11  29  2019
55 44 5 16 15 54	12  1  2019
39 46 55 2 52 44	12  3  2019
11 41 55 58 10 17	12  6  2019
45 36 19 55 3 32	12  8  2019
34 30 35 9 18 21	12  10  2019
8 37 22 1 31 55		12  13  2019
1 45 44 46 10 5		12  15  2019
54 49 35 40 37 5	12  17  2019
41 9 15 19 58 44	12  20  2019
55 25 17 57 11 50	12  22  2019
36 37 51 14 4 15	12  24  2019
8 56 18 37 58 23	12  27  2019
27 28 40 45 43 14	12  29  2019
28 21 14 52 46 29	12  31  2019
50 18 51 38 57 30	1  3  2020
24 19 40 53 9  7	1  5  2020
54 46 2 41 47 3		1   7  2020
22 16 32 20 51 9	1  10  2020
43 35 38 13 23 22	1  12  2020
9 4 21 34 15 37		1  14  2020
14 11 21 9 16 17	1  17  2020
10 1 39 5 28 15		1  19  2020
27 50 42 52 15 34	1  21  2020
38 34 30 6 44 21	1  24  2020
1 3 29 41 24 48		1  26  2020
26 51 36 37 41 57	1  28  2020
55 18 1 16 52 3		1  31  2020
2 41 9 6 55 24		2  2  2020
22 49 42 20 40 5	2  4  2020
22 16 29 26 19 39	2  7  2020
14  7 43 54 42 31	2  9  2020
38 34 23 50 58 33	2  11  2020
41 55 14 46 4 10	2  14  2020
55 17 33 38 45 30	2  16  2020
47 23 31 56 42 1	2  18  2020
41 43 14 35 52 50	2  21  2020
17 54 22 11 45 26	2  23  2020
46 14 25 29 57 45	2  25  2020
46 56 55 52 14 37	2  28  2020
40 14 41 20 52 36	3  1  2020
47 11 32 45 34 29	3  3  2020
26 53 10 24 49 12	3  6  2020
9 38 17 54 16 53	3  8  2020
57 30  7 29 40 13	3  10  2020
45 8 49 4  7 13		3  13  2020
52 12 43 8 25 26	3  15  2020
43 15 21 17 27 54	3  17  2020
36 30 1 33 28 21	3  20  2020
44 35 9 56 19 32	3  22  2020
23 55 15 10 27 43	3  24  2020
39 51 15 6 48 41	3  27  2020
49 38 57 29 19 23	3  29  2020
50 41 56 1 8 13		8  7  2020
13 10 55 48 12 6	8  9  2020
6 2 49 40 33 23		8  11  2020
1 2 56 8 17 40		8  14  2020
22 51 32 18 33 26	8  16  2020
8 41 50 18 34 9		8  18  2020
28 39 2 24 17 16	8  21  2020
15 40  7 3 13 9		8  23  2020
2 51 20 16 19 56	8  25  2020
14 10 5 13 56 53	8  28  2020
2 1 26 14 28 46		8  30  2020
49 38 23 12 20 56	9  1  2020
26 46 4 48 8 44		9  4  2020
18 19 28 9 1 11		9  6  2020
25 11 51 46 42 45	9  8  2020
20 36 38 42 58 47	9  11  2020
18 3 25 37 27 52	9  13  2020
21 2 10 38 14 19	9  15  2020
50 29 56 57 3 47	9  18  2020
36 51 47 24 53 15	9  20  2020
22 28 55 9 57 32	9  22  2020
40 24 36 14 10 16	9  25  2020
52 45 54 41 18 35	9  27  2020
39 32 41 50 13 8	9  29  2020
1 49 34 19 6 27		10  2  2020
51 46 14  7 38 16	10  4  2020
20 4 18 29 14 44	10  6  2020
42 3 31 1 22 51		10  9  2020
54 11 38 19 32 21	10  11  2020
38 55 45 49 20 26	10  13  2020
36  7 3 40 58 38	10  16  2020
33 13 39 10 1 5		10  18  2020
 7 33 34 51 4 16	10  20  2020
37 49 19 51 4 54	10  23  2020
1 14 47 30 57 39	10  25  2020
52 55 56 20 57 45	10  27  2020
1 2 38 24 11 6		10  30  2020
9 43 17 25 19 47	11  1  2020
42 17 53 5 55 43	11  3  2020
48 21 44 4 41 16	11  6  2020
36 33 5 34 35 42	11  8  2020
13 27 41 4 37 40	11  10  2020
2 27 34 15 38 52	11  13  2020
39 5 8 26 50 10		11  15  2020
4 30 22 6 17 40		11  17  2020
11 32 9 55 1 41		11  20  2020
53 12 38 55  7 2	11  22  2020
25  7 47 34 5 40	11  24  2020
30 35 52 12 23 47	11  27  2020
50 57 17 41 11 42	11  29  2020
49 52 40 48 43 54	12  1  2020
2 29 35 43 26 18	12  4  2020
19 9 52 55 31 54	12  6  2020
20 26 22 49 51 7	12  8  2020
18 13 16 1 17 31	12  11  2020
55 15 3 35  7 24	12  13  2020
33 47 55 32 3 57	12  15  2020
8 49 52 42 31 55	12  18  2020
34 38 46 22 48 52	12  20  2020
9 45 51 15 42 36	12  22  2020
21 57 33 32 39 49	12  27  2020
19 38 48 30 6 46	12  29  2020
29 6 19 38 27 58	1  3  2021
28 1 5 30 15 32		1  5  2021
52 26 50 44 6 45	1  8  2021
22 30 28 39 5 19	1  10  2021
38 54 47 48 42 25	1  12  2021
 7 53 54 9 50 29	1  15  2021
39 29 17 5 37 1		1  17  2021
20 46 48 44 10 50	1  19  2021
19  7 56 24 28 43	1  22  2021
57 21 47 33 27 5	1  24  2021
2 42 11 29 56 21	1  26  2021
34 10 26 4 42 21	1  29  2021
11 5 19 49 17 35	1  31  2021
37 29 33 51 42 13	2  2  2021
26 1 44 40 3 36		2  5  2021
11 12 1 56 48 38	2   7  2021
43 9 21 18 20 31	2  9  2021
24 9 32 41 29 22	2  12  2021
53 51 46 31 26 7	2  14  2021
4 35 7 26 23 14		2  16  2021
52 2 16 7 51 44		2  19  2021
47 21 38 1 28 3		2  21  2021
54 13 51 29 30 31	2  23  2021
49 31 45 40 53 8	2  26  2021
57 44 15 27 38 6	2  28  2021
57 4 14 49 31 41	3  2  2021
56 26 12 3 45 32	3  5  2021
49 4 38 40 13 19	3   7  2021
19 44 29 30 5 46	3  9  2021
49 2 6 43 54 25		3  12  2021
37 31 6 26 42 8		3  14  2021
6 14 55 52 16 12	3  16  2021
45 52 16 30 48 12	3  19  2021
26 23 48 42 14 2	3  21  2021
16 27 8 5 12 23		3  23  2021
1 5 42 52  7 17		3  26  2021
24 28 32 13 9 6		3  28  2021
37 18 48 47 58 45	3  30  2021
53 9 15 28 4 23		4  6  2021
32 36 29 43 26 52	4  9  2021
10  7 49 22 15 6	4  11  2021
19 58 42 6 57 2		4  13  2021
10 55 45 57 2 35	4  16  2021
14 19 40 32 9 15	4  18  2021
45 54 13 6 51 35	4  20  2021
12 13 31 53 10 24	4  23  2021
24 20 50 43 49 35	4  25  2021
37 25 17 2 42 50	4  27  2021
6 31 52 42 22 48	4  30  2021
43 47 25 53 35 10	5  2  2021
14 56 6 33 32 44	5  4  2021
44 28 55 31 35 49	5  7  2021
29 42 49 17 11 18	5  9  2021
40 20 31 38 26 1	5  11  2021
28 20 52 21 4 55	5  14  2021
40 21 28 57 25 43	5  16  2021
18 33 26 36 46 1	5  18  2021
10 54 17 52 6 8		5  21  2021
5 34 13 43 37 25	5  23  2021
42 17 44 34 48 30	5  25  2021
40 36 41 10 48 35	5  28  2021
19 22 28 27 3 45	5  30  2021
18 52 39 3 40 22	6  1  2021
25 5 48 15 8 34		6  4  2021
1 50 17 10  7 47	6  6  2021
12 27 25 49 30 41	6  8  2021
56 52 32 37 10 3	6  11  2021
46 42 21 12 16 9	6  13  2021
3 37 29 53 22 9		6  15  2021
37 16 10 13 6 36	6  18  2021
1 47 26 41 2 53		6  20  2021
5 38 9 20 24 17		6  22  2021
10 28 17 1 50 48	6  25  2021
35 27 29 25 30 4	6  27  2021
47 55 51 23 41 4	6  29  2021
25 38 3 31 14 34	7  2  2021
55 35 21 26 31 11	7  4  2021
42 12 10 19 40 26	7  6  2021
12 39 23 24 36 35	7  9  2021
53 43 16 42 58 46	7  11  2021
42 58 24 54 55 29	7  13  2021
58 1 22 10 21 37	7  16  2021
39 17 51 25 14 50	7  18  2021
58 33 4 5 13 14		7  20  2021
5 20 29 55 9 49		7  23  2021
15 1 48 33 12 19	7  25  2021
53 10 12 30 11 5	7  27  2021
26 11 32 37 46 24	7  30  2021
 7 17 28 5 38 26	8  1  2021
54 3 40 36 53 34	8  3  2021
53 16 24 39 43 42	8  6  2021
45 47 13 55 5 39	8  8  2021
25 27 34 11 49 45	8  10  2021
4 48 33 54 51 49	8  13  2021
3 1 47 56 6  7		8  15  2021
9 12 35 4 22 32		8  17  2021
29 10 6 8 35 46		8  20  2021
17 8 52 28 42 15	8  22  2021
39 55 31 58 22 51	8  24  2021
19 53 49 47 48 56	8  27  2021
48 32 41 36 9 18	8  29  2021
3 47 34 43 29  7	8  31  2021
58 55 23 22 57 44	9  3  2021
35 47 15 34 23 58	9  5  2021
54 37 56 18 43 45	9   7  2021
31 28 15 2 50 43	9  12  2021
42 34 46 35 5 23	9  10  2021
54 1 44 13 51 25	9  14  2021
51 34 8 43 9 32		9  17  2021
32 21 5 34 27 10	9  19  2021
35 49 57 23 24 48	9  21  2021
4 12 14 44 55 6		9  24  2021
16 3 23 19 55 36	9  26  2021
21 58 34 4 33 1		9  28  2021
18 49 23 22 19 47	10  1  2021
6 17 31 8 13 5		10  3  2021
45 41 2 42 48 3		10  5  2021
49 20 32 15 22 1	10  8  2021
19 3 40 57 54 56	10  10  2021
3 30 45 19 16 32	10  12  2021
37 3 35 2 42 44		10  15  2021
2 13 4 37 18 48		10  17  2021
16 32 50 22 28 35	10  19  2021
37 54 14 51 48 5	10  22  2021
56  7 35 25 52 29	10  24  2021
50 12 3 26 28 21	10  26  2021
28 43 31 8 15 6		10  29  2021
28 43 31 8 15 6		10  29  2021
16 50 51 46 2 54	10  31  2021
6 14 28 27 2 18	11  2  2021
22 43 19 12 13 2	11  5  2021
16 17 44 49 37 25	11   7  2021
40 58 5 18 17 50	11  9  2021
5 15 53 23 31 49	11  12  2021
55 21 12 48 1 35	11  14  2021
14 22 4 19 25 5		11  16  2021
55 21 6 28 42 25	11  19  2021
26 36 41 43 21 1	11  21  2021
58 19 35 46 30 10	11  23  2021
20 17 12 29 10 46	11  26  2021
34 5 39 16 11 48	11  28  2021
51 45 24 21 58 13	11  30  2021
32 5 41 53 35 20	12  3  2021
52 4 8 55 15 46		12  5  2021
54 36 5 45 8 18		12  7  2021
44 8 9 11 36 57		12  12  2021
57 2 33 41 44 56	12  10  2021
49 15 9 56 45 12	12  14  2021
44 57 19 24 10 52	12  17  2021
58 28 48 3 8 41		12  19  2021
16 2 18 26 14 58	12  21  2021
14 27 16 2 34 45	12  24  2021
43 21 18 22 57 51	12  26  2021
21 19 39 24 36 22	12  28  2021
47 26 48 14 8 6		12  31  2021
10 25 1 35 4 58		1  2  2022
43 26 46 52 32 14	1  4  2022
5 34 22 25 13 43	1   7  2022
51 48 20 50 32 43	1  11  2022
53 10 19 21 42 47	1  14  2022
13 34 17 41 58 53	1  16  2022
52 15 42 18 34 47	1  18  2022
43 37 49 34 1 30	1  21  2022
46 3 39 30 28 18	1  23  2022
11 21 47 53 4 34	1  25  2022
53 5 1 38 37 17		1  28  2022
22 2 14 30 10 35	1  30  2022
54 36 27 21 3 9		2  1  2022
11 27 1 3 55 32		2  4  2022
34 14 43 17 11 5	2  6  2022
51 20 29 18 36 8	2  8  2022
46 29 47 19 56 2	1  9  2022
49 45 3 13 39 57	2  11  2022
2 56 48 11 21 45	2  13  2022
25 8 31 34 33 26	2  15  2022
47 58 12 18 31 44	2  18  2022
40 39 35 52 5 17	2  20  2022
42 13 25 50 34 30	2  22  2022
56 16 18 30 42 41	2  25  2022
31 29 33 12 58 49	2  27  2022
51 11 4 17 21 13	3  1  2022
4 39 24 48 16 53	3  4  2022
16 19 29 49 53 11	3  6  2022
44 54 17 11 42 49	3  8  2022
13 42 49 30 26 27	3  11  2022
55 46 25 16 50 35	3  13  2022
57 56 3 47 44 2		3  15  2022
35 25 32 9 51 2		3  18  2022
29 5 3 11 8 42		3  20  2022
14 11 34 49 2 16	3  22  2022
54 25 18 35 37 17	3  25  2022
19 42 22 10 2 40	3  27  2022
38 53 2 32 51 37	3  29  2022
10 21 49 48 25 5	4  1  2022
42 5 11 22 3 2		4  3  2022
36 28 29 56 46 34	4  5  2022
55 42 48 20 12 19	4  8  2022
14 34 48 31 22 4	4  10  2022
51 53 42  7 55 12	4  12  2022
33 6 45 8 42 38		4  19  2022
1 22 49 26 9 8		4  22  2022
2 15 8 51 9 45		4  24  2022
52 18 30 22 49 20	4  26  2022
49 42 17 20 33 31	4  29  2022
2 23 6 58 18 21		5  1  2022
34 12 39 9 8 6		5  3  2022
29 11 36 2 57 3		5  6  2022
25 53 56 14 48 6	5  8  2022
46 29 10 38 48 56	5  10  2022
3 43 16  7 23 40	5  13  2022
40 52 25 44 28 50	5  15  2022
5 11 41 30 37 29	5  17  2022
25 30 38 40 42 21	5  20  2022
28 13 44 58 50 3	5  22  2022
20 22 9 54 6 19		5  24  2022
40 51 50 19 1 32	5  27  2022
9 25 56 40 12 43	5  29  2022
28 56 12 43 25 31	5  31  2022
25 47 54 36 41 10	6  3  2022
25 11 54 52 50 3	6  5  2022
28 26 50 4 5 21		6   7  2022
19 44 38 33 47 43	6  10  2022
5 37 40 48 9 39		6  12  2022
48 33 10 46 2 53	6  14  2022
26 6 43 40 12 4		6  17  2022
2 14 51 21 26 46	6  19  2022
21 12 54 31 43 48	6  21  2022
5 55 19 22 11 2		6  24  2022
53 47 15 30 32 58	6  26  2022
55 54 2 58 23 9		6  28  2022
58 24 13 43 34 5	7  1  2022
42 9 25 15 18 58	7  3  2022
37 45 22 43 4 6	 	7  5  2022
14 8 21 18 49 27	7  8  2022
14 42 48 22 16 30	7  10  2022
18 25 35 47 4 16	7  12  2022
4 49 46 15 44 48	7  15  2022
34 9 21 29 57 44	7  17  2022
52 45 25 43 51 29	7  19  2022
13 5 41 3 15 20		7  22  2022
1 14 20 43 47 11	7  24  2022
35 28 24 55 25 2	7  26  2022
53 10 40 45 27 37	7  29  2022
9 20 46 3 18 33		7  31  2022
23 48 53 6 50  7	8  2  2022
4 46 58 20 34 28	8  5  2022
52 25 19 14 54 34	8   7  2022
24 29 31 56 55 16	8  9  2022
24 54 28 42 57 40	8  12  2022
16 44 6 33 47 21	8  14  2022
34 20 6 14 32 3		8  16  2022
56 24 29 5 13 16	8  19  2022
18 4 22 23 44 33	8  21  2022
18 20 27 2 38 15	8  23  2022
32 24 15 49 25 53	8  26  2022
32 11 17 38 28 18	8  28  2022
37 29 38 5 24 19	8  30  2022
6 13 35 39 47 5		9  2  2022
6 57 48 11 28 13	9  4  2022
24 16 35 12 23 22	9  6  2022
14 52 36 58 3 54	9  9  2022
21 19 55 36 46 43	9  11  2022
3 8 53 34 14 16		9  13  2022
5 50 1 4 15 2		9  16  2022
36 53 57 50 4 3		9  18  2022
4 31 30 21 53 6		9  20  2022
15 54 20 31 45 32	9  23  2022
50 43 12 5 46 54	9  25  2022
14 52 2 21 57 48	9  27  2022
53 25 30 14 18 35	9  30  2022
40 14 56 39 44 24	10  2  2022
30 56 50 6 58 25	10  4  2022
19 57 54 13 49 12	10   7  2022
24 1 25 9 39 47		10  9  2022
13 52 4 18 1 24		10  11  2022
32 15 9 47 40 1		10  14  2022
48 3 49 44 40 41	10  16  2022
32 4 23 27 10 21	10  18  2022
53 6 32 12 21 43	10  21  2022
39  7 58 37 50 16	10  23  2022
17 42 28 44 25 58	10  25  2022
37 11 55 42 49 9	10  28  2022
39 29 42 20 8 19	10  30  2022
34 17 26 20 5 29	11  1  2022
44 36 10 45 50 52	11  4  2022
50 25 39 23 35 9	11  6  2022
18 5 49 2 53 48		11  8  2022
18 35 50 46 19 45	11  11  2022
43 46 50 16 9 17	11  13  2022
10 41 29 46 58 13	11  15  2022
53  7 16 42 15 24	11  18  2022
41 52 36 53 49 15	11  20  2022
8 3 21 51  7 58		11  22  2022
5 39 40 31 29 46	11  25  2022
36 38 29  7 45 12	11  27  2022
38 55 26 32 20 9	11  29  2022
31 11 33 6 1 10		12  2  2022
6 49 58 35 36 31	12  4  2022
53 23 46 22 58 9	12  6  2022
35 18  7 33 8 48	12  9  2022
4 34 13 16 10 7		12  11  2022
29 13 28 8 1 56		12  13  2022
9 23 30 49 33 6		12  16  2022
3 1 44 42 58 2		12  18  2022
32 34 19 6 27 35	12  20  2022
48 45 47 45 17 04 	1 9 2023 
